3840.0 2160.0
person 14.622299194335938 1065.0945434570312 431.97149658203125 1126.6790771484375
person 14.398422241210938 1060.294677734375 445.0180969238281 1121.96484375
person 12.32940673828125 1056.922607421875 459.0072021484375 1124.347412109375
person 9.952743530273438 1044.2832641601562 456.52032470703125 1141.7218017578125
person 12.848983764648438 1023.8563232421875 457.9974365234375 1174.64794921875
person 14.776626586914062 1027.756103515625 456.7769775390625 1147.277587890625
person 11.8804931640625 1009.7855224609375 457.2428894042969 1171.127685546875
person 20.007705688476562 1023.9083862304688 456.6977844238281 1153.3729248046875
person 20.7379150390625 1023.9262084960938 459.1475830078125 1154.0391845703125
person 25.018951416015625 1030.3665771484375 455.9948425292969 1140.850341796875
person 24.495269775390625 1032.0714111328125 455.59979248046875 1139.1669921875
person 31.090103149414062 1032.6922607421875 451.7503967285156 1139.810302734375
person 27.659103393554688 1017.2088623046875 458.6970520019531 1160.055908203125
person 26.657974243164062 1012.7216186523438 461.8832702636719 1163.2286376953125
person 31.8184814453125 1016.2723999023438 459.53363037109375 1166.0220947265625
person 30.776885986328125 1022.9949340820312 459.16192626953125 1152.3348388671875
person 32.23878479003906 1042.094970703125 460.7926940917969 1124.654541015625
person 34.03643798828125 1031.11767578125 457.902099609375 1134.920166015625
person 31.916854858398438 1040.5299682617188 462.4446105957031 1118.8153076171875
person 32.889923095703125 1031.2428588867188 461.50244140625 1131.1905517578125
person 29.581405639648438 1041.6350708007812 468.0229187011719 1116.4581298828125
person 28.337921142578125 1038.220947265625 464.83343505859375 1125.27392578125
person 25.572158813476562 1052.728759765625 476.4649353027344 1108.23388671875
person 22.090118408203125 1043.8965454101562 478.8992919921875 1120.8070068359375
person 21.279220581054688 1049.850830078125 488.9505310058594 1109.86181640625
person 21.129669189453125 1047.608642578125 492.01171875 1105.240234375
person 23.13916015625 1061.296875 489.3221435546875 1085.416015625
person 22.823532104492188 1061.5736083984375 486.0998840332031 1084.0810546875
person 22.318939208984375 1067.1139526367188 489.99017333984375 1076.1795654296875
person 22.362472534179688 1061.4967651367188 488.5677795410156 1080.0975341796875
person 27.696243286132812 1056.8394775390625 469.2098693847656 1095.110107421875
person 23.33929443359375 1069.560546875 462.6634826660156 1085.628173828125
person 27.27642822265625 1065.849609375 454.36932373046875 1093.7412109375
person 20.693450927734375 1055.4166870117188 464.287109375 1112.2979736328125
person 21.007965087890625 1055.9827880859375 464.8125 1109.834716796875
person 20.011749267578125 1056.9335327148438 463.4866638183594 1109.6136474609375
person 24.687576293945312 1063.4454956054688 459.1928405761719 1103.8787841796875
person 18.54632568359375 1056.0863037109375 462.0461120605469 1113.21728515625
person 19.160980224609375 1058.2061157226562 458.4864501953125 1113.0362548828125
person 17.459014892578125 1063.841552734375 466.12548828125 1103.94482421875
person 23.090850830078125 1056.7914428710938 459.31683349609375 1110.5997314453125
person 26.952362060546875 1053.42041015625 460.39874267578125 1112.399658203125
person 22.461135864257812 1069.9640502929688 476.0769958496094 1086.1209716796875
person 21.369094848632812 1053.8846435546875 486.1206359863281 1095.67333984375
person 19.75372314453125 1056.388671875 486.91943359375 1094.004150390625
person 22.407699584960938 1049.7902221679688 473.9090881347656 1112.5379638671875
person 27.575042724609375 1043.46142578125 466.34368896484375 1124.839111328125
person 28.054931640625 1027.4828491210938 462.6385498046875 1154.5802001953125
person 15.415283203125 1034.64404296875 465.9450378417969 1124.81298828125
person 20.0008544921875 1012.4491577148438 458.0179443359375 1178.3023681640625
person 6.918701171875 1028.8141479492188 465.9682922363281 1150.2449951171875
person 25.4444580078125 1013.0704345703125 439.0586853027344 1183.355712890625
person 25.921493530273438 1054.3307495117188 426.60260009765625 1130.1331787109375
person 29.88916015625 1029.614990234375 426.72357177734375 1166.2587890625
lost 29.88916015625 1029.614990234375 426.72357177734375 1166.2587890625
person 23.63519287109375 1039.4906005859375 443.8013610839844 1151.71142578125
person 25.667083740234375 1077.45068359375 436.16015625 1079.97998046875
lost 25.667083740234375 1077.45068359375 436.16015625 1079.97998046875
lost 25.667083740234375 1077.45068359375 436.16015625 1079.97998046875
lost 25.667083740234375 1077.45068359375 436.16015625 1079.97998046875
lost 25.667083740234375 1077.45068359375 436.16015625 1079.97998046875
lost 25.667083740234375 1077.45068359375 436.16015625 1079.97998046875
lost 25.667083740234375 1077.45068359375 436.16015625 1079.97998046875
lost 25.667083740234375 1077.45068359375 436.16015625 1079.97998046875
lost 25.667083740234375 1077.45068359375 436.16015625 1079.97998046875
lost 25.667083740234375 1077.45068359375 436.16015625 1079.97998046875
lost 25.667083740234375 1077.45068359375 436.16015625 1079.97998046875
lost 25.667083740234375 1077.45068359375 436.16015625 1079.97998046875
lost 25.667083740234375 1077.45068359375 436.16015625 1079.97998046875
person 31.280517578125 1076.651123046875 402.4290771484375 1075.917236328125
person 26.288345336914062 1087.5888671875 404.8013610839844 1055.92236328125
person 39.26092529296875 1094.3692016601562 402.0577392578125 1036.4180908203125
person 33.363800048828125 1075.9548950195312 410.8514099121094 1064.3084716796875
person 33.77125549316406 1084.1093139648438 409.45330810546875 1059.2139892578125
person 40.732147216796875 1090.0585327148438 416.2673645019531 1055.1168212890625
person 42.76017761230469 1077.6610107421875 415.5049743652344 1066.258056640625
person 51.53120422363281 1087.5202026367188 415.1023254394531 1051.7476806640625
person 49.88568115234375 1089.7470092773438 415.53826904296875 1046.9608154296875
person 51.13336181640625 1080.29296875 417.721435546875 1059.22021484375
person 49.474029541015625 1080.4866333007812 431.40374755859375 1042.1905517578125
person 45.29307556152344 1069.8389892578125 431.2016296386719 1058.703125
person 40.829498291015625 1065.6994018554688 438.16619873046875 1076.4212646484375
person 39.82749938964844 1068.885986328125 440.0926818847656 1069.58740234375
person 39.000274658203125 1052.742431640625 438.35150146484375 1092.4912109375
person 38.951751708984375 1060.2371215820312 442.0048828125 1074.0858154296875
person 34.65948486328125 1047.8961791992188 443.58837890625 1086.3699951171875
person 22.377304077148438 1068.8988037109375 474.9059143066406 1052.33837890625
person 23.862640380859375 1080.2919921875 479.370361328125 1036.129638671875
person 1.107574462890625 1040.9898071289062 515.59619140625 1145.5697021484375
person 5.19793701171875 1039.0203857421875 521.0772705078125 1156.39794921875
person 16.259170532226562 1037.0684814453125 511.5999450683594 1175.228515625
person 24.364349365234375 1027.24072265625 506.43658447265625 1175.7177734375
person 26.560256958007812 996.5416259765625 508.1060485839844 1233.554931640625
person 0.2401123046875 1058.0697021484375 621.2222290039062 1083.4189453125
person 14.2381591796875 1052.22314453125 594.6995849609375 1069.648193359375
person 16.205718994140625 1056.6578979492188 601.6214599609375 1039.9508056640625
person 29.376556396484375 981.6715087890625 573.7970581054688 1206.718017578125
person 28.305145263671875 980.3900146484375 586.6932983398438 1225.885498046875
person 26.752349853515625 984.9381103515625 595.3330688476562 1216.5
person 22.93243408203125 991.3844604492188 609.7699584960938 1207.7171630859375
person 28.71478271484375 997.808837890625 612.538818359375 1196.736572265625
person 39.253204345703125 1011.0370483398438 591.2199096679688 1167.0811767578125
person 31.3526611328125 1025.6143188476562 601.9306640625 1144.0037841796875
person 47.55023193359375 1014.488525390625 581.4251098632812 1177.268798828125
person 48.639129638671875 1028.3424682617188 571.814208984375 1151.2418212890625
person 50.0855712890625 1000.0938110351562 565.8187255859375 1184.9561767578125
person 35.281768798828125 999.1431884765625 596.8511962890625 1179.839599609375
person 41.368072509765625 1003.5128173828125 606.029296875 1160.288818359375
person 43.491485595703125 1020.255126953125 613.3470458984375 1131.74365234375
person 40.71051025390625 1014.5213623046875 626.9082641601562 1154.993408203125
person 36.947418212890625 1019.8134765625 632.3016357421875 1146.6962890625
person 34.423828125 1016.4293823242188 644.4461059570312 1158.2740478515625
person 34.272705078125 1021.6430053710938 643.970703125 1148.6793212890625
person 24.45550537109375 1021.7633666992188 643.0572509765625 1154.5494384765625
person 29.16290283203125 1018.0948486328125 633.9232177734375 1166.380859375
person 35.221038818359375 1010.1201782226562 611.2017822265625 1177.3739013671875
person 36.76373291015625 1000.3616333007812 602.3895263671875 1189.8299560546875
person 31.786041259765625 1012.8287963867188 605.4140625 1138.7003173828125
person 33.549835205078125 1020.2847290039062 596.447998046875 1132.7655029296875
person 33.812896728515625 1016.0270385742188 590.787109375 1131.5919189453125
person 34.95880126953125 1005.9601440429688 585.0809936523438 1162.4808349609375
person 34.527587890625 1007.2953491210938 580.72021484375 1155.6429443359375
person 32.3936767578125 1007.7562866210938 590.3922729492188 1150.9710693359375
person 30.56561279296875 996.2557373046875 587.223388671875 1171.27490234375
person 35.369354248046875 1005.2947998046875 580.881103515625 1155.200439453125
person 32.857940673828125 997.5572509765625 581.50927734375 1172.53955078125
person 34.89794921875 991.3379516601562 577.2901611328125 1174.3406982421875
person 39.742706298828125 990.0696411132812 574.008544921875 1178.1861572265625
person 41.970550537109375 998.099853515625 569.3880615234375 1162.916015625
person 39.782867431640625 999.0513916015625 578.4041748046875 1167.31005859375
person 37.955078125 1007.1627807617188 573.7153930664062 1145.3455810546875
person 38.1826171875 1007.0983276367188 578.3097534179688 1145.9735107421875
person 37.12213134765625 1011.1571044921875 585.3779296875 1140.4345703125
person 33.269989013671875 1021.8888549804688 594.7079467773438 1130.6898193359375
person 31.515380859375 1026.1398315429688 598.270263671875 1124.8304443359375
person 34.21673583984375 1025.6528930664062 592.25634765625 1128.5987548828125
person 35.0791015625 1017.1396484375 592.8577880859375 1134.837890625
person 32.519927978515625 1019.8748168945312 598.488037109375 1133.9974365234375
person 34.22784423828125 1022.5281982421875 594.4844970703125 1129.1728515625
person 30.383636474609375 1016.6508178710938 603.1068115234375 1141.0518798828125
person 28.503387451171875 1015.8873901367188 604.9423828125 1132.2188720703125
person 25.2088623046875 1012.8118286132812 618.9081420898438 1130.3143310546875
person 18.443359375 1023.3372192382812 629.5984497070312 1108.4200439453125
person 18.5589599609375 1030.8316040039062 634.0841674804688 1094.8946533203125
person 21.01116943359375 1039.8678588867188 629.5227661132812 1087.7957763671875
person 22.6673583984375 1040.0440673828125 627.1026611328125 1088.507568359375
person 25.845672607421875 1050.3323974609375 621.3419799804688 1084.932861328125
person 29.24151611328125 1047.3792114257812 611.0367431640625 1092.4119873046875
person 30.263427734375 1031.4720458984375 610.4310302734375 1111.14208984375
person 27.1636962890625 1027.5291748046875 607.3640747070312 1114.279296875
person 32.4805908203125 1026.944580078125 599.891357421875 1117.24755859375
person 31.589111328125 1031.74755859375 600.0447998046875 1104.218994140625
person 37.003173828125 1005.6646728515625 589.3379516601562 1143.350830078125
person 36.31243896484375 1021.091552734375 590.557861328125 1123.361328125
person 35.563690185546875 1021.9995727539062 598.9689331054688 1121.6136474609375
person 36.67523193359375 1033.1633911132812 596.7052001953125 1101.3118896484375
person 37.825958251953125 1035.4764404296875 594.1473388671875 1107.354248046875
person 43.58917236328125 1020.5196533203125 577.7764892578125 1130.993896484375
person 42.06640625 1011.9681396484375 584.2271728515625 1148.044677734375
person 46.013763427734375 970.7569580078125 581.5161743164062 1213.145263671875
person 28.83984375 979.5608520507812 598.2630004882812 1194.0894775390625
person 37.022552490234375 986.8400268554688 594.2235717773438 1175.7393798828125
person 36.581298828125 960.5878295898438 620.8983154296875 1226.6993408203125
person 25.944122314453125 982.2893676757812 643.5070190429688 1202.6995849609375
person 24.04425048828125 979.5518188476562 619.8442993164062 1213.0767822265625
person 8.671875 982.6337280273438 643.6278686523438 1195.1622314453125
person 4.243743896484375 972.2037353515625 650.9292602539062 1198.33935546875
person -5.577484130859375 985.1738891601562 664.7520141601562 1181.9954833984375
person 12.37164306640625 1046.3579711914062 501.37200927734375 1064.6522216796875
person 22.555313110351562 1060.3353881835938 482.0925598144531 1048.1077880859375
person 22.50579833984375 1065.7176513671875 479.8302001953125 1059.29736328125
person 28.006912231445312 1041.2085571289062 470.8040466308594 1106.2716064453125
person 4.7576904296875 1025.219970703125 660.250244140625 1136.94970703125
person 25.947860717773438 1020.51220703125 477.9909973144531 1145.142578125
person 25.039566040039062 1000.4107055664062 487.5937194824219 1172.9840087890625
person 15.252944946289062 1022.778564453125 508.4459533691406 1132.92724609375
person 16.9683837890625 990.3720703125 619.8407592773438 1210.407470703125
person 18.383758544921875 992.4668579101562 610.7335815429688 1205.4420166015625
person 15.414337158203125 1019.2176513671875 635.1470336914062 1146.564453125
person 6.7637939453125 1048.6060180664062 536.1328735351562 1094.0750732421875
person 11.666717529296875 990.7802124023438 626.05419921875 1219.9381103515625
person 17.213653564453125 1022.5922241210938 639.1355590820312 1181.9981689453125
person 23.806915283203125 986.38818359375 621.5872192382812 1236.656494140625
person 18.427032470703125 953.6006469726562 660.3939208984375 1261.2767333984375
person 5.644927978515625 979.33740234375 669.6138916015625 1211.98681640625
person -2.12567138671875 996.0685424804688 676.2515869140625 1194.9788818359375
person 4.759796142578125 994.2605590820312 661.4060668945312 1205.7618408203125
person 4.4993896484375 988.4155883789062 663.5130615234375 1201.7498779296875
person 3.845428466796875 994.1094970703125 656.0493774414062 1188.989990234375
person 0.115478515625 1006.314697265625 680.140380859375 1159.640869140625
person -4.6265869140625 1019.9878540039062 703.93603515625 1145.3687744140625
person -10.544921875 1024.3561401367188 714.218505859375 1137.6932373046875
person -7.53997802734375 1047.9522705078125 704.4119873046875 1102.787353515625
person -20.06988525390625 1026.6883544921875 723.499755859375 1139.076416015625
person -16.96185302734375 1065.0911865234375 747.0261840820312 1070.601806640625
person -23.40985107421875 1022.3673706054688 787.7138671875 1135.3304443359375
person 25.79901123046875 951.28466796875 682.7275390625 1268.014892578125
person 28.810546875 934.8884887695312 714.6732788085938 1293.7364501953125
person 43.533935546875 919.9158325195312 694.0320434570312 1304.8675537109375
person 67.30645751953125 975.8435668945312 688.7572021484375 1223.8109130859375
person 94.62533569335938 971.1917724609375 728.7391357421875 1210.88720703125
person 111.03643798828125 964.5838012695312 720.3016967773438 1211.4473876953125
person 117.377685546875 1006.5985717773438 750.9552612304688 1161.9075927734375
person 132.36517333984375 996.122802734375 749.673583984375 1162.9462890625
person 197.398681640625 1014.9177856445312 686.64599609375 1139.5828857421875
person 266.1072692871094 1007.8815307617188 702.4119262695312 1135.7457275390625
person 274.9968566894531 992.3878784179688 686.4884643554688 1139.2945556640625
person 288.6372985839844 996.6949462890625 660.9337768554688 1113.087890625
person 302.81182861328125 1004.2379760742188 666.0567626953125 1094.2139892578125
person 312.52886962890625 997.4783325195312 644.7017822265625 1108.3692626953125
person 309.08795166015625 1004.8193359375 664.2442626953125 1108.234130859375
person 316.41436767578125 998.0452880859375 648.1649169921875 1122.24267578125
person 320.5751647949219 986.2479858398438 641.5050659179688 1145.3387451171875
person 332.4424743652344 954.40478515625 618.3784790039062 1212.948974609375
person 333.99212646484375 972.3530883789062 612.39599609375 1174.7747802734375
person 325.44573974609375 961.3818359375 615.508544921875 1198.702880859375
person 321.41046142578125 956.8954467773438 598.07373046875 1195.5931396484375
person 317.25341796875 948.3134155273438 606.273681640625 1210.5819091796875
person 322.3844299316406 931.1288452148438 590.6881713867188 1234.6082763671875
person 308.0916748046875 912.949951171875 628.7884521484375 1162.55078125
person 319.5134582519531 919.23486328125 595.2619018554688 1256.87158203125
person 313.771728515625 944.7979736328125 593.82763671875 1219.12548828125
person 255.14776611328125 950.912353515625 618.7269287109375 1209.199951171875
person 241.35403442382812 928.9149780273438 636.7887573242188 1242.4119873046875
person 246.60595703125 931.23388671875 629.816650390625 1256.55322265625
person 240.01736450195312 915.59814453125 636.4971313476562 1274.13037109375
person 239.130126953125 918.230712890625 624.8411865234375 1262.631103515625
person 220.62701416015625 916.2044067382812 643.656005859375 1264.3922119140625
person 221.40509033203125 917.4668579101562 645.728271484375 1267.0653076171875
person 225.99978637695312 900.6307983398438 636.7759399414062 1301.8656005859375
person 220.842529296875 899.8681030273438 641.450439453125 1307.6085205078125
person 229.97409057617188 903.9188842773438 623.5415649414062 1300.4246826171875
person 226.81021118164062 909.7164916992188 635.2188110351562 1283.0509033203125
person 224.2232666015625 903.0783081054688 639.9822998046875 1303.4771728515625
person 216.22372436523438 908.554443359375 650.6150512695312 1305.506591796875
person 221.34298706054688 907.0457763671875 644.8496704101562 1297.691162109375
person 231.51809692382812 915.948486328125 633.8051147460938 1272.42431640625
person 228.77850341796875 926.2230834960938 638.10009765625 1254.2506103515625
person 236.17684936523438 906.051025390625 623.5755004882812 1290.330322265625
person 235.2784423828125 909.845703125 622.1993408203125 1281.041748046875
person 224.39947509765625 923.2260131835938 644.5938720703125 1256.8465576171875
person 215.97393798828125 909.9299926757812 662.5303955078125 1288.6719970703125
person 220.2647705078125 905.5712890625 661.12548828125 1302.90576171875
person 215.22769165039062 908.0630493164062 668.6554565429688 1291.1756591796875
person 216.40142822265625 911.5110473632812 663.3895263671875 1289.2137451171875
person 217.74429321289062 916.4256591796875 667.3908081054688 1279.09521484375
person 217.57180786132812 915.25732421875 661.7055053710938 1282.4609375
person 213.63543701171875 912.25634765625 662.3157958984375 1293.43017578125
person 212.87255859375 922.3302612304688 668.4859619140625 1278.0631103515625
person 219.8516845703125 923.489990234375 655.689208984375 1273.6416015625
person 221.27706909179688 914.2716064453125 657.2659301757812 1292.217529296875
