230.60804748535156 1217.2509068080358
230.88811473664396 1217.007023219143
231.73419958058759 1216.2896061280387
232.81857111854234 1214.6063086048594
233.97017830447777 1211.0066895416574
235.25264889160115 1206.0736646524754
236.42816180398646 1200.098425289601
237.7081707029277 1194.0494517455263
239.30739855626965 1189.0273783486614
241.132472019506 1185.2638764231258
242.9918444464919 1182.7992294938679
244.9013480352769 1181.300886330643
246.85248487012183 1179.6578252511488
248.69619452653825 1177.2104182161409
250.53511764742078 1174.5430877935228
252.3121615868679 1172.4639037161846
253.97202941212575 1172.0994352205369
255.53570402134326 1172.869142560312
256.9438024601015 1174.188365326283
258.18670130362904 1175.5973859643263
259.26080652637387 1177.087198743424
260.0340718105625 1178.7509095809644
260.6246672030152 1180.9677300377302
261.0826002566564 1183.4358693022557
261.541878599626 1185.7758580811355
262.177366976323 1187.9920233808623
262.9313642336768 1190.5703755904738
263.62384395187155 1193.7022387755226
264.2241534254853 1197.1597818148268
264.75085320217755 1200.448431429467
264.9803594744812 1202.9196901922678
264.54390734203764 1205.2284202744263
263.51777951892166 1207.6006024251053
262.1914519949359 1209.132887084009
260.7849059402397 1209.7123983213878
259.39699793107934 1209.8275296532743
258.1830845000227 1210.0647166079264
257.0369818108953 1210.2382414734375
255.79701696473572 1210.1715421042484
254.66079679931292 1210.3599497968046
253.84397403999566 1210.5367634698155
253.532300342671 1210.2334928540954
253.81165387214006 1210.4105725297786
254.66678139074486 1210.6804795837775
255.83569320020246 1210.445289858211
256.85713504744655 1209.736817917171
257.6444231200374 1208.2504218522176
258.23682063771224 1205.4128240669754
258.14394049844356 1201.818727233713
257.34063015760233 1197.2901099845417
255.85433425196018 1192.5678982264126
254.0357803063241 1187.9954562639027
252.11856212710308 1185.3188968264315
250.277651894581 1184.264426880586
248.76803675894377 1183.1157818163279
247.65135724277343 1182.512771452809
246.828471672136 1184.5715135527455
246.15846152943476 1189.386222923595
245.620758606096 1195.2298396801384
245.19417700898614 1201.1327492048467
244.8589144942986 1206.592201762715
244.59746925818766 1211.3855899916916
244.3949261074684 1215.452058144032
244.23889577196593 1218.8187110799904
244.11928094431025 1221.555653723363
244.02797211103956 1223.7494473199395
243.95853174476198 1225.488155517568
243.90589787294246 1226.853543484842
243.86612139712923 1227.9175770828213
243.33588233388468 1228.7007855111665
242.0239956700168 1229.7999004373971
240.79539237869818 1231.7653549360136
240.05709446897316 1233.3599276660268
239.563176855073 1234.2963973786302
239.68492845919914 1235.4558315767824
240.5577563360795 1236.2503479183083
242.18625892400763 1236.7870197701145
244.31567025151654 1237.6649847427334
246.58424814025744 1238.258556573587
249.0563541811658 1238.281177416701
251.42978390319746 1237.4756614505213
253.3649554260081 1235.6632107040652
254.88279842934338 1233.471540012175
255.98757295584105 1230.5712651615934
256.80973362511907 1227.2597487527523
257.32881114488 1223.6826858545899
257.6752676923857 1220.8183031231845
258.19149742704815 1219.988711383182
258.68027163000727 1218.7402856632016
259.25309602173616 1215.6677729377689
260.3489119842228 1211.7252808707751
262.0974328517252 1207.0732211694585
264.3734198542364 1200.4680056415725
268.19051230250795 1195.2593207777895
273.60868178733296 1193.4081202374966
279.6819039412153 1193.4158878435244
285.7654899103652 1190.7492636966495
291.578468682102 1183.7879140411062
297.1014178246218 1175.3583222353127
302.2822308689413 1167.3651635109081
307.3117687869763 1160.8282346282583
312.11118865700894 1156.499192902063
316.2896121514789 1154.9339415101044
319.9867546196508 1154.9453499791723
323.1876283326349 1156.0140134312433
325.67452717149297 1156.6717706486882
327.5711726902109 1155.8608032964933
329.5125369197818 1154.543715699926
331.96052672469324 1154.1020177928494
334.8571525927849 1154.5395169272824
337.8475177189039 1155.427582522636
340.7655143090253 1156.5204852913473
343.52191706638916 1157.7572016870945
345.503330840899 1159.1880668648555
346.5658173533073 1160.422298963727
346.8403270997244 1160.9010560871595
346.37082678976964 1160.1310272457574
345.30024779895297 1159.0153706084252
343.7618646303928 1158.70104949378
341.8951670000019 1158.9124560342423
339.8418398838624 1158.6910759601162
337.6802418907294 1157.9208687044113
335.66315200001407 1157.0087091186965
333.8273066472172 1155.5313986829829
332.1822682069484 1153.870849771609
330.72809388745236 1152.2264408336641
329.40688244558936 1150.0895393132064
328.39998567783067 1147.5521766848628
327.74647486495405 1145.3689399433658
327.42713794464714 1143.9199862913372
327.2027041070599 1143.4155871020344
327.00780972073125 1143.765629022401
327.04415562020415 1144.7299946724588
327.3211032551175 1146.6439137858404
327.72968954330844 1149.5472428932408
328.16044615755237 1152.8749421133532
328.60876813703993 1155.700935850765
329.0831652589373 1157.832793958766
329.5289728355388 1159.683797903628
329.9345386482047 1161.051954322413
330.26081407279537 1161.7828554919022
330.6496727599066 1161.9402580713868
331.1084419597562 1162.19935619702
331.6202564162848 1163.3016145032238
332.2103407409314 1165.5143990600377
332.81922888623683 1168.498815178809
333.41812102244046 1172.1699062839905
333.89636784647064 1176.1701194228071
334.2432886249442 1179.089052331129
334.31468008542134 1180.3666796677362
334.1431146949833 1180.507631845912
333.88094075616965 1180.273583709376
333.5667864179589 1178.7370898578897
333.2497377221354 1176.3709659769831
333.10744847030844 1174.4464649762963
333.1892736741275 1173.5077021210052
333.3732057507941 1173.725181351826
333.4825301957488 1173.8537815222608
333.53367929438707 1172.879531461555
333.72706978362334 1168.9729966551408
333.67957814872244 1162.634120303442
333.470908280641 1156.2852291406657
333.9903502397781 1149.4050507548234
335.3337077167752 1142.8322047596318
336.405796151755 1137.6943210302124
336.6058268655289 1133.7504279424204
336.18265778741403 1130.3326229658649
335.3161688475468 1127.6913976167198
331.35344551328774 1129.3008950898165
323.8593300822005 1136.1795672594735
315.12016034356674 1146.0579635221998
306.44478162402856 1155.6589712034927
301.7117270955598 1162.5308493039422
298.8345102155886 1166.5555376218515
294.8089491755442 1167.5806886022474
290.6846923465804 1167.296500732976
289.4162961131643 1165.6318684832245
291.6337726004672 1162.1715180735107
295.7618058286829 1159.5116937525725
298.28496103906446 1160.0650444495036
299.91469562399055 1160.4893219641638
303.2784932891473 1160.0620855707166
307.59891392917143 1158.6947398260356
312.6091320550411 1153.806092353488
317.7104492383493 1147.4666888725294
321.95831383305546 1142.794986603132
325.24344252524287 1139.9480242874436
327.7863829526288 1137.8957958081708
329.577404568919 1136.4665015926537
331.05103571637653 1136.325169283412
332.85939035756735 1138.0511285426035
334.91628028093953 1141.3793235606088
336.8234442584405 1146.6409989431058
338.29983182652313 1152.3589309235754
339.9906340287608 1158.9328006621408
342.80637231614656 1164.8199958742484
346.3256127705046 1164.5208946163543
350.650001396162 1157.3251386107113
355.91658810221924 1145.732925919807
362.3416385040029 1135.0420790725282
371.7063606439208 1127.7259458327512
384.0659782797739 1122.2042069533645
398.3716133445132 1119.9116115158256
413.94229391402075 1120.649466374102
430.9168446077627 1123.410584513503
451.85566802996874 1127.4011688919677
475.9346027174471 1130.6274975769777
499.76474236756707 1132.7867778999787
522.3289124548603 1134.7842795679662
542.9882085388083 1136.5036960281752
561.2575915592008 1138.038489607769
577.0278586530053 1139.311609977627
590.2598783801152 1139.471350369651
601.1692283926194 1136.9454571469596
609.9566189444915 1132.8512401184648
616.5862744621626 1128.4576367108973
620.758078109868 1123.585857839645
622.87321111517 1118.2398742623939
623.6418530020237 1111.8550104712149
623.7733866832588 1103.8219241166375
623.5000987984878 1095.1622938218602
622.5623231835174 1088.4322993711667
619.0742977453776 1084.59096517088
612.6905696852834 1081.6742724980447
605.2400158608436 1078.6838283749134
597.7585488820403 1075.196073252606
590.4469229481537 1071.2265053997044
583.1645744595365 1067.3330005749149
576.2367251346761 1063.7723310266497
570.1174041978916 1059.8647085549278
564.7834945334514 1055.3645459194381
560.188044654252 1051.0959441537593
556.4660679012875 1047.7494008003775
553.578217422544 1045.0451765210537
551.2239758856532 1042.894410417471
549.336113544167 1041.3481215994016
548.1263325898941 1040.627014049355
547.50229978563 1041.2741674689175
547.2140409177712 1041.9678143972844
547.0557164988147 1041.9965625225434
546.934152347774 1042.5167383542826
546.8767598460034 1043.1197957306913
547.0359127499312 1042.951162005197
547.3655017622907 1042.3478805183954
547.6457164867672 1041.8470137635616
547.9744489505903 1041.829842554102
548.2874380010508 1042.2043274069058
548.2977550995855 1042.5495838936388
548.124948223975 1043.2411027955818
547.9809756734596 1044.5263220465038
547.9825975752691 1045.5923720979185
